BLJGAGFF_02566	GCA_003332265.1_BFLDHLJO_03541	100.000	165	0	0	1	165	2052	1888	1.36e-83	298	0	N/A	N/A	100
BLJGAGFF_02566	Delftensis_ppk1	98.182	165	3	0	1	165	2052	1888	2.99e-79	285	0	N/A	N/A	100
BLJGAGFF_02566	GCA_000987445.1_DIPJCKAO_01419	93.902	164	10	0	2	165	2051	1888	1.76e-69	251	0	N/A	N/A	99
BLJGAGFF_02566	GCA_002352265.1_FOOMNIKE_04153	92.121	165	13	0	1	165	2055	1891	1.11e-65	240	0	N/A	N/A	100
BLJGAGFF_02566	GCA_000585055.1_JMBGGNHN_01742	92.121	165	13	0	1	165	2055	1891	1.11e-65	240	0	N/A	N/A	100
BLJGAGFF_02566	UW4_BBLLADNB_00506	90.909	165	15	0	1	165	2052	1888	5.77e-63	231	0	N/A	N/A	100
BLJGAGFF_02566	POS2015-07-24-bin.54_CBBJMKLB_01263	90.303	165	16	0	1	165	2052	1888	7.03e-62	226	0	N/A	N/A	100
BLJGAGFF_02566	2687453699_PEBOPBNB_00179	90.303	165	16	0	1	165	2052	1888	7.03e-62	226	0	N/A	N/A	100
BLJGAGFF_02566	GCA_009467855.1_FFHDGLOA_00684	90.303	165	16	0	1	165	2052	1888	7.03e-62	226	0	N/A	N/A	100
BLJGAGFF_02566	GCA_002455435.1_LJMNPMKE_00197	89.697	165	17	0	1	165	2052	1888	2.99e-60	222	0	N/A	N/A	100
BLJGAGFF_02566	GCA_000585075.1_LMKBKINC_00287	89.697	165	17	0	1	165	2052	1888	2.99e-60	222	0	N/A	N/A	100
BLJGAGFF_02566	POS2015-07-16-bin.58_MDFNDMIC_02139	87.805	164	20	0	2	165	2051	1888	6.58e-56	206	0	N/A	N/A	99
BLJGAGFF_02566	UW5_GNJGOIBN_01044	87.805	164	20	0	2	165	2051	1888	6.58e-56	206	0	N/A	N/A	99
BLJGAGFF_02566	GCA_000024165.1_DGOCCOHL_01070	87.805	164	20	0	2	165	2051	1888	6.58e-56	206	0	N/A	N/A	99
BLJGAGFF_02566	GCA_900089955.1_LKKGGHDO_04133	87.195	164	21	0	2	165	2060	1897	2.80e-54	202	0	N/A	N/A	99
BLJGAGFF_02566	POS2015-08-06-bin.38_GJNGNMCM_02976	87.898	157	19	0	9	165	2044	1888	3.41e-53	198	0	N/A	N/A	95
BLJGAGFF_02566	coassembly-bin.185_DDNMEPEE_00732	87.261	157	20	0	9	165	2044	1888	4.15e-52	194	0	N/A	N/A	95
BLJGAGFF_02566	UW6_NHBDKAOG_02407	87.261	157	20	0	9	165	1798	1642	4.15e-52	194	0	N/A	N/A	95
BLJGAGFF_02566	GCA_005889575.1_AEPCJOJA_01401	87.261	157	20	0	9	165	2044	1888	4.15e-52	194	0	N/A	N/A	95
BLJGAGFF_02566	GCA_000987395.1_IJAMOEGB_03109	87.261	157	20	0	9	165	2044	1888	4.15e-52	194	0	N/A	N/A	95
BLJGAGFF_02566	GCA_000584975.2_FLOKBKCF_00068	87.261	157	20	0	9	165	2044	1888	4.15e-52	194	0	N/A	N/A	95
BLJGAGFF_02566	GCA_000585035.2_BIOCIAGG_04430	85.455	165	24	0	1	165	2052	1888	5.06e-51	190	0	N/A	N/A	100
BLJGAGFF_02566	GCA_002425405.1_NLEBCEFB_01950	86.624	157	21	0	9	165	2044	1888	1.77e-50	189	0	N/A	N/A	95
BLJGAGFF_02566	GCA_000584955.2_BALNIADD_02612	86.624	157	21	0	9	165	2152	1996	1.77e-50	189	0	N/A	N/A	95
BLJGAGFF_02566	coassembly-bin.12_NEBHPJKH_02141	85.366	164	24	0	2	165	2051	1888	1.77e-50	188	0	N/A	N/A	99
BLJGAGFF_02566	POS2015-07-24-bin.16_KIDBIGLJ_02792	84.756	164	25	0	2	165	2051	1888	7.51e-49	184	0	N/A	N/A	99
BLJGAGFF_02566	UW7_CEKMHFBL_01627	84.756	164	25	0	2	165	2051	1888	7.51e-49	184	0	N/A	N/A	99
BLJGAGFF_02566	GCA_003538495.1_COGBHOPJ_04777	84.146	164	26	0	2	165	2048	1885	9.15e-48	179	0	N/A	N/A	99
BLJGAGFF_02566	GCA_002433845.1_PENGGAAI_03274	84.146	164	26	0	2	165	2051	1888	9.15e-48	179	0	N/A	N/A	99
BLJGAGFF_02566	GCA_002345285.1_NKDODKIB_03753	84.146	164	26	0	2	165	2051	1888	9.15e-48	179	0	N/A	N/A	99
BLJGAGFF_02566	GCA_000585015.1_JPAJMACA_00169	84.146	164	26	0	2	165	2051	1888	9.15e-48	179	0	N/A	N/A	99
BLJGAGFF_02566	GCA_005524045.1_CHBPCNLK_00370	83.537	164	27	0	2	165	2051	1888	3.89e-46	175	0	N/A	N/A	99
BLJGAGFF_02566	GCA_000584995.1_NPHLOHBO_00818	82.927	164	28	0	2	165	2075	1912	4.74e-45	170	0	N/A	N/A	99
BLJGAGFF_02566	GCA_003535635.1_FMDBLDOA_00549	82.927	164	28	0	2	165	2051	1888	4.74e-45	170	0	N/A	N/A	99
BLJGAGFF_02566	GCA_003487685.1_BPGNMNNK_01401	82.927	164	28	0	2	165	2051	1888	4.74e-45	170	0	N/A	N/A	99
BLJGAGFF_02566	GCA_002345025.1_KFEAILBB_02335	82.927	164	28	0	2	165	2051	1888	4.74e-45	170	0	N/A	N/A	99
BLJGAGFF_02566	GCA_003542235.1_LHMBCMGL_01997	82.927	164	28	0	2	165	2051	1888	4.74e-45	170	0	N/A	N/A	99
BLJGAGFF_02566	GCA_001897745.1_LNFOKPNO_00497	84.397	141	22	0	25	165	2028	1888	1.04e-40	156	0	N/A	N/A	85
BLJGAGFF_02566	GCA_002304785.1_GBHPAPPJ_02574	74.390	164	42	0	2	165	2036	1873	4.74e-26	107	0	N/A	N/A	99
BLJGAGFF_02567	GCA_003332265.1_BFLDHLJO_03541	97.354	189	5	0	1	189	1845	1657	1.68e-89	319	0	N/A	N/A	100
BLJGAGFF_02567	Delftensis_ppk1	96.825	189	6	0	1	189	1845	1657	2.05e-88	315	0	N/A	N/A	100
BLJGAGFF_02567	GCA_000987445.1_DIPJCKAO_01419	92.593	189	14	0	1	189	1845	1657	1.48e-77	279	0	N/A	N/A	100
BLJGAGFF_02567	2687453699_PEBOPBNB_00179	92.593	189	14	0	1	189	1845	1657	1.48e-77	279	0	N/A	N/A	100
BLJGAGFF_02567	GCA_009467855.1_FFHDGLOA_00684	92.593	189	14	0	1	189	1845	1657	1.48e-77	279	0	N/A	N/A	100
BLJGAGFF_02567	POS2015-07-24-bin.54_CBBJMKLB_01263	92.063	189	15	0	1	189	1845	1657	6.27e-76	274	0	N/A	N/A	100
BLJGAGFF_02567	UW4_BBLLADNB_00506	92.063	189	15	0	1	189	1845	1657	6.27e-76	274	0	N/A	N/A	100
BLJGAGFF_02567	GCA_002352265.1_FOOMNIKE_04153	91.534	189	16	0	1	189	1848	1660	7.64e-75	269	0	N/A	N/A	100
BLJGAGFF_02567	GCA_000585055.1_JMBGGNHN_01742	91.534	189	16	0	1	189	1848	1660	7.64e-75	269	0	N/A	N/A	100
BLJGAGFF_02567	GCA_002455435.1_LJMNPMKE_00197	91.534	189	16	0	1	189	1845	1657	7.64e-75	269	0	N/A	N/A	100
BLJGAGFF_02567	GCA_000585075.1_LMKBKINC_00287	91.534	189	16	0	1	189	1845	1657	7.64e-75	269	0	N/A	N/A	100
BLJGAGFF_02567	GCA_005889575.1_AEPCJOJA_01401	89.362	188	20	0	2	189	1844	1657	7.16e-69	250	0	N/A	N/A	99
BLJGAGFF_02567	GCA_000987395.1_IJAMOEGB_03109	89.362	188	20	0	2	189	1844	1657	7.16e-69	250	0	N/A	N/A	99
BLJGAGFF_02567	GCA_000585035.2_BIOCIAGG_04430	89.362	188	20	0	2	189	1844	1657	7.16e-69	250	0	N/A	N/A	99
BLJGAGFF_02567	coassembly-bin.185_DDNMEPEE_00732	88.830	188	21	0	2	189	1844	1657	3.04e-67	245	0	N/A	N/A	99
BLJGAGFF_02567	UW6_NHBDKAOG_02407	88.830	188	21	0	2	189	1598	1411	3.04e-67	245	0	N/A	N/A	99
BLJGAGFF_02567	GCA_002425405.1_NLEBCEFB_01950	88.830	188	21	0	2	189	1844	1657	3.04e-67	245	0	N/A	N/A	99
BLJGAGFF_02567	GCA_000584975.2_FLOKBKCF_00068	88.830	188	21	0	2	189	1844	1657	3.04e-67	245	0	N/A	N/A	99
BLJGAGFF_02567	GCA_000584955.2_BALNIADD_02612	88.830	188	21	0	2	189	1952	1765	3.04e-67	245	0	N/A	N/A	99
BLJGAGFF_02567	POS2015-07-24-bin.16_KIDBIGLJ_02792	87.831	189	23	0	1	189	1845	1657	4.52e-65	238	0	N/A	N/A	100
BLJGAGFF_02567	POS2015-08-06-bin.38_GJNGNMCM_02976	88.172	186	22	0	1	186	1845	1660	4.52e-65	237	0	N/A	N/A	98
BLJGAGFF_02567	UW7_CEKMHFBL_01627	87.302	189	24	0	1	189	1845	1657	5.50e-64	233	0	N/A	N/A	100
BLJGAGFF_02567	GCA_003538495.1_COGBHOPJ_04777	87.302	189	24	0	1	189	1842	1654	5.50e-64	233	0	N/A	N/A	100
BLJGAGFF_02567	GCA_002433845.1_PENGGAAI_03274	86.772	189	25	0	1	189	1845	1657	2.34e-62	229	0	N/A	N/A	100
BLJGAGFF_02567	GCA_002345285.1_NKDODKIB_03753	86.772	189	25	0	1	189	1845	1657	2.34e-62	229	0	N/A	N/A	100
BLJGAGFF_02567	GCA_000585015.1_JPAJMACA_00169	86.772	189	25	0	1	189	1845	1657	2.34e-62	229	0	N/A	N/A	100
BLJGAGFF_02567	GCA_900089955.1_LKKGGHDO_04133	86.243	189	26	0	1	189	1854	1666	2.85e-61	224	0	N/A	N/A	100
BLJGAGFF_02567	GCA_000584995.1_NPHLOHBO_00818	86.243	189	26	0	1	189	1869	1681	2.85e-61	224	0	N/A	N/A	100
BLJGAGFF_02567	GCA_003535635.1_FMDBLDOA_00549	86.243	189	26	0	1	189	1845	1657	2.85e-61	224	0	N/A	N/A	100
BLJGAGFF_02567	GCA_003487685.1_BPGNMNNK_01401	86.243	189	26	0	1	189	1845	1657	2.85e-61	224	0	N/A	N/A	100
BLJGAGFF_02567	GCA_002345025.1_KFEAILBB_02335	86.243	189	26	0	1	189	1845	1657	2.85e-61	224	0	N/A	N/A	100
BLJGAGFF_02567	GCA_005524045.1_CHBPCNLK_00370	86.243	189	26	0	1	189	1845	1657	2.85e-61	224	0	N/A	N/A	100
BLJGAGFF_02567	GCA_003542235.1_LHMBCMGL_01997	86.243	189	26	0	1	189	1845	1657	2.85e-61	224	0	N/A	N/A	100
BLJGAGFF_02567	POS2015-07-16-bin.58_MDFNDMIC_02139	86.486	185	25	0	2	186	1844	1660	3.47e-60	222	0	N/A	N/A	98
BLJGAGFF_02567	UW5_GNJGOIBN_01044	86.486	185	25	0	2	186	1844	1660	3.47e-60	222	0	N/A	N/A	98
BLJGAGFF_02567	GCA_000024165.1_DGOCCOHL_01070	86.486	185	25	0	2	186	1844	1660	3.47e-60	222	0	N/A	N/A	98
BLJGAGFF_02567	GCA_001897745.1_LNFOKPNO_00497	84.865	185	28	0	2	186	1844	1660	2.19e-56	208	0	N/A	N/A	98
BLJGAGFF_02567	coassembly-bin.12_NEBHPJKH_02141	84.783	184	28	0	2	185	1844	1661	7.65e-56	206	0	N/A	N/A	97
BLJGAGFF_02567	GCA_002304785.1_GBHPAPPJ_02574	75.806	186	45	0	1	186	1830	1645	1.38e-33	133	0	N/A	N/A	98
BLJGAGFF_02568	GCA_003332265.1_BFLDHLJO_03541	98.874	444	5	0	1	444	1572	1129	0.0	779	0	N/A	N/A	100
BLJGAGFF_02568	Delftensis_ppk1	98.423	444	7	0	1	444	1572	1129	0.0	770	0	N/A	N/A	100
BLJGAGFF_02568	GCA_000987445.1_DIPJCKAO_01419	92.117	444	35	0	1	444	1572	1129	0.0	644	0	N/A	N/A	100
BLJGAGFF_02568	GCA_002455435.1_LJMNPMKE_00197	92.449	437	33	0	1	437	1572	1136	0.0	640	0	N/A	N/A	98
BLJGAGFF_02568	GCA_000585075.1_LMKBKINC_00287	92.449	437	33	0	1	437	1572	1136	0.0	640	0	N/A	N/A	98
BLJGAGFF_02568	2687453699_PEBOPBNB_00179	92.449	437	33	0	1	437	1572	1136	0.0	640	0	N/A	N/A	98
BLJGAGFF_02568	GCA_009467855.1_FFHDGLOA_00684	92.449	437	33	0	1	437	1572	1136	0.0	640	0	N/A	N/A	98
BLJGAGFF_02568	POS2015-07-24-bin.54_CBBJMKLB_01263	92.220	437	34	0	1	437	1572	1136	0.0	636	0	N/A	N/A	98
BLJGAGFF_02568	UW4_BBLLADNB_00506	91.762	437	36	0	1	437	1572	1136	0.0	627	0	N/A	N/A	98
BLJGAGFF_02568	GCA_002352265.1_FOOMNIKE_04153	91.051	447	37	1	1	444	1575	1129	0.0	625	0	N/A	N/A	100
BLJGAGFF_02568	GCA_000585055.1_JMBGGNHN_01742	91.051	447	37	1	1	444	1575	1129	0.0	625	0	N/A	N/A	100
BLJGAGFF_02568	GCA_003538495.1_COGBHOPJ_04777	89.908	436	41	1	2	437	1568	1136	5.38e-170	587	0	N/A	N/A	98
BLJGAGFF_02568	POS2015-07-16-bin.58_MDFNDMIC_02139	88.330	437	51	0	1	437	1572	1136	2.61e-161	559	0	N/A	N/A	98
BLJGAGFF_02568	UW5_GNJGOIBN_01044	88.330	437	51	0	1	437	1572	1136	2.61e-161	559	0	N/A	N/A	98
BLJGAGFF_02568	GCA_000024165.1_DGOCCOHL_01070	88.330	437	51	0	1	437	1572	1136	2.61e-161	559	0	N/A	N/A	98
BLJGAGFF_02568	GCA_900089955.1_LKKGGHDO_04133	88.399	431	50	0	6	436	1576	1146	1.11e-159	553	0	N/A	N/A	97
BLJGAGFF_02568	GCA_000585035.2_BIOCIAGG_04430	88.046	435	52	0	1	435	1572	1138	3.88e-159	551	0	N/A	N/A	98
BLJGAGFF_02568	POS2015-08-06-bin.38_GJNGNMCM_02976	87.643	437	54	0	1	437	1572	1136	1.65e-157	545	0	N/A	N/A	98
BLJGAGFF_02568	GCA_000585095.1_DDBAAEFF_02735	87.472	439	55	0	6	444	1567	1129	5.75e-157	545	0	N/A	N/A	99
BLJGAGFF_02568	GCA_005889575.1_AEPCJOJA_01401	86.036	444	62	0	1	444	1572	1129	1.88e-150	522	0	N/A	N/A	100
BLJGAGFF_02568	GCA_000987395.1_IJAMOEGB_03109	86.036	444	62	0	1	444	1572	1129	1.88e-150	522	0	N/A	N/A	100
BLJGAGFF_02568	GCA_002425405.1_NLEBCEFB_01950	86.468	436	59	0	1	436	1572	1137	6.56e-150	521	0	N/A	N/A	98
BLJGAGFF_02568	GCA_000584955.2_BALNIADD_02612	86.468	436	59	0	1	436	1680	1245	6.56e-150	521	0	N/A	N/A	98
BLJGAGFF_02568	GCA_001897745.1_LNFOKPNO_00497	85.430	453	54	3	1	441	1572	1120	7.99e-149	517	0	N/A	N/A	99
BLJGAGFF_02568	coassembly-bin.12_NEBHPJKH_02141	86.792	424	56	0	13	436	1560	1137	9.74e-148	513	0	N/A	N/A	95
BLJGAGFF_02568	coassembly-bin.185_DDNMEPEE_00732	85.360	444	65	0	1	444	1572	1129	4.14e-146	508	0	N/A	N/A	100
BLJGAGFF_02568	UW6_NHBDKAOG_02407	85.360	444	65	0	1	444	1326	883	4.14e-146	508	0	N/A	N/A	100
BLJGAGFF_02568	GCA_003535635.1_FMDBLDOA_00549	86.014	429	60	0	7	435	1566	1138	5.04e-145	504	0	N/A	N/A	97
BLJGAGFF_02568	GCA_003487685.1_BPGNMNNK_01401	86.014	429	60	0	7	435	1566	1138	5.04e-145	504	0	N/A	N/A	97
BLJGAGFF_02568	GCA_002345025.1_KFEAILBB_02335	86.014	429	60	0	7	435	1566	1138	5.04e-145	504	0	N/A	N/A	97
BLJGAGFF_02568	GCA_003542235.1_LHMBCMGL_01997	86.014	429	60	0	7	435	1566	1138	5.04e-145	504	0	N/A	N/A	97
BLJGAGFF_02568	GCA_000584975.2_FLOKBKCF_00068	85.135	444	66	0	1	444	1572	1129	5.04e-145	504	0	N/A	N/A	100
BLJGAGFF_02568	GCA_002433845.1_PENGGAAI_03274	84.966	439	66	0	6	444	1567	1129	2.61e-142	495	0	N/A	N/A	99
BLJGAGFF_02568	GCA_002345285.1_NKDODKIB_03753	84.966	439	66	0	6	444	1567	1129	2.61e-142	495	0	N/A	N/A	99
BLJGAGFF_02568	GCA_000585015.1_JPAJMACA_00169	84.966	439	66	0	6	444	1567	1129	2.61e-142	495	0	N/A	N/A	99
BLJGAGFF_02568	GCA_005524045.1_CHBPCNLK_00370	84.282	439	69	0	6	444	1567	1129	5.76e-138	481	0	N/A	N/A	99
BLJGAGFF_02568	POS2015-07-24-bin.16_KIDBIGLJ_02792	84.055	439	70	0	6	444	1567	1129	7.01e-137	477	0	N/A	N/A	99
BLJGAGFF_02568	UW7_CEKMHFBL_01627	83.827	439	71	0	6	444	1567	1129	2.98e-135	472	0	N/A	N/A	99
BLJGAGFF_02568	GCA_002304785.1_GBHPAPPJ_02574	83.218	435	70	2	2	436	1556	1125	9.75e-129	450	0	N/A	N/A	98
BLJGAGFF_02568	GCA_000584995.1_NPHLOHBO_00818	79.912	453	67	1	7	435	1590	1138	2.62e-123	432	0	N/A	N/A	97
BLJGAGFF_02569	GCA_003332265.1_BFLDHLJO_03541	98.987	1086	11	0	1	1086	1086	1	0.0	1910	0	N/A	N/A	90
BLJGAGFF_02569	Delftensis_ppk1	96.777	1086	35	0	1	1086	1086	1	0.0	1801	0	N/A	N/A	90
BLJGAGFF_02569	GCA_000987445.1_DIPJCKAO_01419	93.002	1086	76	0	1	1086	1086	1	0.0	1617	0	N/A	N/A	90
BLJGAGFF_02569	GCA_002352265.1_FOOMNIKE_04153	91.989	1086	87	0	1	1086	1086	1	0.0	1567	0	N/A	N/A	90
BLJGAGFF_02569	GCA_000585055.1_JMBGGNHN_01742	91.989	1086	87	0	1	1086	1086	1	0.0	1567	0	N/A	N/A	90
BLJGAGFF_02569	UW4_BBLLADNB_00506	90.976	1086	98	0	1	1086	1086	1	0.0	1517	0	N/A	N/A	90
BLJGAGFF_02569	POS2015-07-24-bin.54_CBBJMKLB_01263	90.884	1086	99	0	1	1086	1086	1	0.0	1513	0	N/A	N/A	90
BLJGAGFF_02569	GCA_002455435.1_LJMNPMKE_00197	90.884	1086	99	0	1	1086	1086	1	0.0	1513	0	N/A	N/A	90
BLJGAGFF_02569	GCA_000585075.1_LMKBKINC_00287	90.884	1086	99	0	1	1086	1086	1	0.0	1513	0	N/A	N/A	90
BLJGAGFF_02569	2687453699_PEBOPBNB_00179	90.147	1086	107	0	1	1086	1086	1	0.0	1477	0	N/A	N/A	90
BLJGAGFF_02569	GCA_009467855.1_FFHDGLOA_00684	90.055	1086	108	0	1	1086	1086	1	0.0	1472	0	N/A	N/A	90
BLJGAGFF_02569	GCA_003538495.1_COGBHOPJ_04777	85.018	1088	159	2	1	1086	1086	1	0.0	1223	0	N/A	N/A	90
BLJGAGFF_02569	GCA_005889575.1_AEPCJOJA_01401	83.640	1088	174	2	1	1086	1086	1	0.0	1155	0	N/A	N/A	90
BLJGAGFF_02569	GCA_000987395.1_IJAMOEGB_03109	83.364	1088	177	2	1	1086	1086	1	0.0	1141	0	N/A	N/A	90
BLJGAGFF_02569	GCA_002425405.1_NLEBCEFB_01950	83.272	1088	178	2	1	1086	1086	1	0.0	1137	0	N/A	N/A	90
BLJGAGFF_02569	GCA_000584975.2_FLOKBKCF_00068	83.180	1088	179	2	1	1086	1086	1	0.0	1132	0	N/A	N/A	90
BLJGAGFF_02569	GCA_000585035.2_BIOCIAGG_04430	83.180	1088	179	2	1	1086	1086	1	0.0	1132	0	N/A	N/A	90
BLJGAGFF_02569	coassembly-bin.185_DDNMEPEE_00732	83.088	1088	180	2	1	1086	1086	1	0.0	1128	0	N/A	N/A	90
BLJGAGFF_02569	GCA_000585095.1_DDBAAEFF_02735	82.889	1087	182	2	2	1086	1085	1	0.0	1117	0	N/A	N/A	90
BLJGAGFF_02569	POS2015-08-06-bin.38_GJNGNMCM_02976	82.169	1088	190	2	1	1086	1086	1	0.0	1083	0	N/A	N/A	90
BLJGAGFF_02569	UW7_CEKMHFBL_01627	82.061	1087	191	2	2	1086	1085	1	0.0	1076	0	N/A	N/A	90
BLJGAGFF_02569	GCA_005524045.1_CHBPCNLK_00370	81.969	1087	192	2	2	1086	1085	1	0.0	1072	0	N/A	N/A	90
BLJGAGFF_02569	POS2015-07-24-bin.16_KIDBIGLJ_02792	81.877	1087	193	2	2	1086	1085	1	0.0	1067	0	N/A	N/A	90
BLJGAGFF_02569	POS2015-07-16-bin.58_MDFNDMIC_02139	82.979	1034	172	2	2	1033	1085	54	0.0	1067	0	N/A	N/A	85
BLJGAGFF_02569	UW5_GNJGOIBN_01044	82.979	1034	172	2	2	1033	1085	54	0.0	1067	0	N/A	N/A	85
BLJGAGFF_02569	GCA_000024165.1_DGOCCOHL_01070	82.979	1034	172	2	2	1033	1085	54	0.0	1067	0	N/A	N/A	85
BLJGAGFF_02569	GCA_002433845.1_PENGGAAI_03274	81.693	1087	195	2	2	1086	1085	1	0.0	1058	0	N/A	N/A	90
BLJGAGFF_02569	GCA_002345285.1_NKDODKIB_03753	81.693	1087	195	2	2	1086	1085	1	0.0	1058	0	N/A	N/A	90
BLJGAGFF_02569	GCA_000585015.1_JPAJMACA_00169	81.693	1087	195	2	2	1086	1085	1	0.0	1058	0	N/A	N/A	90
BLJGAGFF_02569	coassembly-bin.12_NEBHPJKH_02141	81.567	1085	200	0	2	1086	1085	1	0.0	1056	0	N/A	N/A	90
BLJGAGFF_02569	GCA_000584995.1_NPHLOHBO_00818	81.928	1079	189	4	2	1077	1085	10	0.0	1055	0	N/A	N/A	89
BLJGAGFF_02569	GCA_003535635.1_FMDBLDOA_00549	81.928	1079	189	4	2	1077	1085	10	0.0	1055	0	N/A	N/A	89
BLJGAGFF_02569	GCA_003487685.1_BPGNMNNK_01401	81.928	1079	189	4	2	1077	1085	10	0.0	1055	0	N/A	N/A	89
BLJGAGFF_02569	GCA_002345025.1_KFEAILBB_02335	81.928	1079	189	4	2	1077	1085	10	0.0	1055	0	N/A	N/A	89
BLJGAGFF_02569	GCA_003542235.1_LHMBCMGL_01997	81.928	1079	189	4	2	1077	1085	10	0.0	1055	0	N/A	N/A	89
BLJGAGFF_02569	GCA_900089955.1_LKKGGHDO_04133	82.290	1022	181	0	2	1023	1094	73	0.0	1028	0	N/A	N/A	85
BLJGAGFF_02569	GCA_001897745.1_LNFOKPNO_00497	81.589	1032	190	0	1	1032	1074	43	0.0	1005	0	N/A	N/A	85
BLJGAGFF_02569	UW6_NHBDKAOG_02407	83.729	842	133	2	1	840	840	1	0.0	896	0	N/A	N/A	69
BLJGAGFF_02569	GCA_000584955.2_BALNIADD_02612	83.548	778	128	0	309	1086	778	1	0.0	827	0	N/A	N/A	90
BLJGAGFF_02569	GCA_000584955.2_BALNIADD_02612	84.444	405	59	2	1	403	1194	792	1.41e-125	442	0	N/A	N/A	90
BLJGAGFF_02569	GCA_002304785.1_GBHPAPPJ_02574	71.526	1022	283	6	2	1019	1073	56	9.51e-147	512	0	N/A	N/A	84
